Zona1 390.0 15.0 35.0 20.0 25.0 5.0 60.0
Zona1 395.0 16.0 36.0 21.0 26.0 5.5 62.0
Zona1 400.0 18.0 38.0 22.0 24.0 4.8 59.0
Zona1 410.0 19.0 39.0 23.0 23.5 4.6 58.0
Zona1 405.0 17.0 37.0 21.5 24.5 4.9 60.5
Zona1 398.0 16.5 36.5 20.5 25.1 5.1 61.0
Zona1 399.0 15.8 35.5 20.0 25.3 5.2 62.5
Zona1 401.0 15.7 35.7 20.2 25.4 5.0 63.0
Zona1 402.0 16.2 36.0 20.5 25.2 5.1 62.0
Zona1 400.0 16.0 35.8 20.1 25.0 5.0 61.0
Zona1 399.5 15.9 35.5 20.0 25.3 5.1 62.3
Zona1 400.2 16.1 35.7 20.2 25.2 5.0 62.1
Zona1 399.8 16.0 35.9 20.1 25.1 5.0 61.9
Zona1 400.0 15.8 35.6 20.0 25.0 5.2 62.4
Zona1 400.1 15.9 35.7 20.1 25.1 5.1 62.2
Zona1 399.9 16.0 35.8 20.0 25.2 5.0 62.0
Zona1 400.0 16.0 35.9 20.2 25.1 5.0 62.1
Zona1 400.2 15.7 35.7 20.0 25.0 5.2 62.3
Zona1 400.1 15.8 35.6 20.1 25.1 5.1 62.4
Zona1 400.0 15.9 35.7 20.0 25.0 5.0 62.2
Zona1 400.1 15.9 35.8 20.1 25.2 5.1 62.3
Zona1 400.0 15.8 35.7 20.0 25.0 5.0 62.0
Zona1 400.0 15.7 35.6 20.1 25.1 5.0 62.1
Zona1 399.9 15.8 35.7 20.0 25.0 5.1 62.2
Zona1 400.1 15.9 35.8 20.1 25.2 5.0 62.3
Zona1 400.0 15.8 35.7 20.0 25.1 5.1 62.0
Zona1 400.0 15.7 35.6 20.1 25.0 5.0 62.1
Zona1 399.8 15.8 35.7 20.0 25.1 5.2 62.2
Zona1 400.0 15.9 35.8 20.1 25.0 5.0 62.0
Zona1 415.0 20.0 38.0 24.0 26.0 5.0 60.0
Zona2 420.0 22.0 45.0 27.0 26.0 4.0 55.0
Zona2 418.0 21.5 44.5 26.5 26.5 4.2 56.0
Zona2 422.0 22.5 45.5 27.5 25.5 3.8 54.5
Zona2 425.0 23.0 46.0 28.0 25.0 3.5 54.0
Zona2 423.0 22.2 45.2 27.2 25.8 3.9 55.5
Zona2 421.0 22.0 45.0 27.0 26.1 4.1 56.0
Zona2 420.5 21.8 44.8 26.8 26.2 4.0 55.8
Zona2 421.0 22.1 45.1 27.1 26.0 4.2 56.2
Zona2 422.0 22.3 45.3 27.3 26.1 4.1 56.0
Zona2 420.0 22.0 45.0 27.0 26.0 4.0 55.5
Zona2 421.2 22.1 45.2 27.1 26.2 4.0 55.8
Zona2 420.5 22.0 45.0 27.0 26.1 4.1 55.9
Zona2 421.0 22.2 45.1 27.2 26.0 4.0 56.0
Zona2 420.0 22.1 45.0 27.0 26.1 4.0 55.7
Zona2 420.8 22.3 45.3 27.3 26.2 4.2 56.1
Zona2 421.0 22.2 45.1 27.1 26.1 4.0 55.8
Zona2 420.5 22.0 45.0 27.0 26.0 4.1 55.5
Zona2 420.0 22.1 45.2 27.2 26.2 4.2 56.0
Zona2 420.2 22.3 45.3 27.3 26.1 4.0 55.7
Zona2 421.0 22.2 45.1 27.1 26.0 4.1 55.9
Zona2 420.5 22.0 45.0 27.0 26.1 4.0 55.6
Zona2 420.0 22.1 45.1 27.1 26.2 4.1 55.7
Zona2 421.0 22.2 45.2 27.2 26.0 4.0 55.8
Zona2 420.5 22.3 45.3 27.3 26.1 4.1 55.9
Zona2 420.0 22.1 45.0 27.0 26.0 4.0 55.5
Zona2 420.2 22.2 45.1 27.1 26.1 4.0 55.7
Zona2 420.3 22.3 45.2 27.2 26.2 4.1 55.8
Zona2 420.0 22.1 45.0 27.0 26.0 4.0 55.6
Zona2 420.1 22.0 45.1 27.1 26.1 4.1 55.7
Zona3 380.0 14.0 30.0 18.0 27.0 6.0 65.0
Zona3 382.0 14.5 30.5 18.5 27.5 6.2 66.0
Zona3 381.0 14.2 30.2 18.2 27.2 6.1 65.5
Zona3 383.0 14.7 30.7 18.7 27.0 6.0 65.0
Zona3 384.0 14.8 30.8 18.8 27.1 6.2 65.3
Zona3 385.0 15.0 31.0 19.0 27.3 6.3 66.0
Zona3 386.0 15.2 31.2 19.2 27.4 6.1 66.2
Zona3 387.0 15.3 31.3 19.3 27.3 6.0 65.8
Zona3 388.0 15.5 31.5 19.5 27.5 6.2 66.1
Zona3 389.0 15.6 31.6 19.6 27.4 6.3 66.3
Zona3 390.0 15.7 31.7 19.7 27.3 6.1 66.0
Zona3 391.0 15.8 31.8 19.8 27.2 6.0 65.9
Zona3 392.0 15.9 31.9 19.9 27.1 6.1 66.0
Zona3 393.0 16.0 32.0 20.0 27.0 6.0 65.7
Zona3 394.0 16.1 32.1 20.1 27.2 6.2 66.2
Zona3 395.0 16.2 32.2 20.2 27.3 6.3 66.5
Zona3 396.0 16.3 32.3 20.3 27.4 6.1 66.0
Zona3 397.0 16.4 32.4 20.4 27.5 6.0 65.8
Zona3 398.0 16.5 32.5 20.5 27.6 6.1 66.2
Zona3 399.0 16.6 32.6 20.6 27.7 6.2 66.3
Zona3 400.0 16.7 32.7 20.7 27.8 6.3 66.5
Zona3 401.0 16.8 32.8 20.8 27.9 6.1 66.0
Zona3 402.0 16.9 32.9 20.9 28.0 6.0 65.8
Zona3 403.0 17.0 33.0 21.0 28.1 6.1 66.2
Zona3 404.0 17.1 33.1 21.1 28.2 6.2 66.3
Zona3 405.0 17.2 33.2 21.2 28.3 6.3 66.4
Zona3 406.0 17.3 33.3 21.3 28.4 6.2 66.2
Zona3 407.0 17.4 33.4 21.4 28.5 6.1 66.1
Zona3 408.0 17.5 33.5 21.5 28.6 6.0 65.9
Zona3 409.0 17.6 33.6 21.6 28.7 6.2 66.3
Zona4 430.0 25.0 50.0 30.0 24.0 3.0 50.0
Zona4 428.0 24.5 49.5 29.5 24.5 3.2 51.0
Zona4 429.0 24.8 49.8 29.8 24.7 3.1 50.5
Zona4 431.0 25.2 50.2 30.2 24.3 3.0 50.2
Zona4 432.0 25.5 50.5 30.5 24.4 3.1 50.3
Zona4 433.0 25.7 50.7 30.7 24.2 3.0 50.0
Zona4 434.0 25.8 50.8 30.8 24.3 3.2 50.5
Zona4 435.0 26.0 51.0 31.0 24.5 3.1 50.1
Zona4 436.0 26.1 51.1 31.1 24.6 3.0 50.0
Zona4 437.0 26.2 51.2 31.2 24.7 3.2 50.2
Zona4 438.0 26.3 51.3 31.3 24.8 3.1 50.3
Zona4 439.0 26.4 51.4 31.4 24.9 3.0 50.1
Zona4 440.0 26.5 51.5 31.5 25.0 3.1 50.0
Zona4 441.0 26.6 51.6 31.6 25.1 3.0 50.2
Zona4 442.0 26.7 51.7 31.7 25.2 3.2 50.3
Zona4 443.0 26.8 51.8 31.8 25.3 3.1 50.4
Zona4 444.0 26.9 51.9 31.9 25.4 3.0 50.0
Zona4 445.0 27.0 52.0 32.0 25.5 3.1 50.5
Zona4 446.0 27.1 52.1 32.1 25.6 3.2 50.3
Zona4 447.0 27.2 52.2 32.2 25.7 3.1 50.1
Zona4 448.0 27.3 52.3 32.3 25.8 3.0 50.0
Zona4 449.0 27.4 52.4 32.4 25.9 3.2 50.2
Zona4 450.0 27.5 52.5 32.5 26.0 3.1 50.1
Zona4 451.0 27.6 52.6 32.6 26.1 3.0 50.3
Zona4 452.0 27.7 52.7 32.7 26.2 3.2 50.4
Zona4 453.0 27.8 52.8 32.8 26.3 3.1 50.2
Zona4 454.0 27.9 52.9 32.9 26.4 3.0 50.1
Zona4 455.0 28.0 53.0 33.0 26.5 3.1 50.0
Zona4 456.0 28.1 53.1 33.1 26.6 3.0 50.3
Zona5 410.0 20.0 40.0 25.0 23.0 4.5 58.0
Zona5 412.0 20.5 40.5 25.5 23.5 4.7 58.5
Zona5 411.0 20.2 40.2 25.2 23.2 4.6 58.3
Zona5 413.0 20.7 40.7 25.7 23.3 4.5 58.1
Zona5 414.0 20.8 40.8 25.8 23.4 4.6 58.2
Zona5 415.0 21.0 41.0 26.0 23.5 4.7 58.3
Zona5 416.0 21.2 41.2 26.2 23.6 4.8 58.4
Zona5 417.0 21.3 41.3 26.3 23.7 4.9 58.5
Zona5 418.0 21.5 41.5 26.5 23.8 4.7 58.3
Zona5 419.0 21.6 41.6 26.6 23.9 4.6 58.1
Zona5 420.0 21.7 41.7 26.7 24.0 4.5 58.0
Zona5 421.0 21.8 41.8 26.8 24.1 4.6 58.2
Zona5 422.0 21.9 41.9 26.9 24.2 4.7 58.3
Zona5 423.0 22.0 42.0 27.0 24.3 4.8 58.4
Zona5 424.0 22.1 42.1 27.1 24.4 4.9 58.5
Zona5 425.0 22.2 42.2 27.2 24.5 4.7 58.3
Zona5 426.0 22.3 42.3 27.3 24.6 4.6 58.1
Zona5 427.0 22.4 42.4 27.4 24.7 4.5 58.0
Zona5 428.0 22.5 42.5 27.5 24.8 4.6 58.2
Zona5 429.0 22.6 42.6 27.6 24.9 4.7 58.3
Zona5 430.0 22.7 42.7 27.7 25.0 4.8 58.4
Zona5 431.0 22.8 42.8 27.8 25.1 4.9 58.5
Zona5 432.0 22.9 42.9 27.9 25.2 4.7 58.3
Zona5 433.0 23.0 43.0 28.0 25.3 4.6 58.1
Zona5 434.0 23.1 43.1 28.1 25.4 4.5 58.0
Zona5 435.0 23.2 43.2 28.2 25.5 4.6 58.2
Zona5 436.0 23.3 43.3 28.3 25.6 4.7 58.3
Zona5 437.0 23.4 43.4 28.4 25.7 4.8 58.4
Zona5 438.0 23.5 43.5 28.5 25.8 4.9 58.5
